1000
72 83 63
21 57 20
56 43 8
41 31 52
63 74 95
61 53 3
62 18 5
54 98 4
79 74 13
0 57 27
99 99 99
7 38 80
100 70 91
23 65 87
77 18 99
81 4 75
1 74 53
15 27 85
76 47 70
76 21 60
95 11 94
59 89 41
39 43 22
90 93 62
78 12 26
90 76 61
75 9 23
60 24 94
99 13 4
36 98 27
30 86 56
32 77 66
16 93 89
16 66 96
59 96 91
26 7 46
59 46 2
4 25 17
31 46 91
57 41 42
39 5 87
49 60 88
47 8 15
54 31 99
38 10 22
67 53 15
15 14 85
38 8 35
1 42 57
4 42 74
0 89 69
0 20 25
100 91 42
38 55 3
49 47 74
56 35 42
43 54 4
90 24 63
36 64 15
12 55 55
30 64 56
25 40 82
63 97 5
65 18 82
23 70 19
53 76 77
22 21 46
100 87 47
8 47 90
23 76 96
29 72 80
80 70 89
20 14 88
37 17 62
61 6 25
71 35 27
12 39 71
33 12 86
95 85 81
79 13 6
68 31 60
71 28 11
85 55 91
92 3 36
7 84 93
28 62 38
60 29 94
85 9 98
23 74 80
2 9 3
15 40 98
56 84 29
6 36 66
83 25 47
57 48 78
57 28 81
27 81 7
54 18 72
32 14 83
63 18 95
95 95 17
72 82 11
56 87 92
55 82 21
52 91 16
82 47 30
77 67 94
79 29 41
61 58 61
36 86 34
84 58 56
25 60 20
45 12 15
32 98 7
75 68 11
86 7 52
74 98 45
70 15 34
24 66 29
34 66 96
10 87 38
29 21 13
27 5 38
1 22 6
46 38 10
91 63 85
65 42 19
37 54 52
72 15 93
83 27 46
5 36 8
85 70 9
81 38 43
58 16 65
62 17 79
22 20 89
47 88 38
91 61 19
34 9 32
69 74 98
27 23 72
43 9 84
86 82 81
57 14 13
100 31 11
86 15 32
86 92 88
90 63 36
41 62 75
80 66 44
100 31 47
56 48 75
43 41 16
18 28 91
42 7 15
57 27 68
32 94 82
24 100 35
13 28 46
84 26 67
80 60 28
18 89 10
21 89 97
76 5 76
64 96 55
57 52 31
3 22 39
53 85 73
67 60 11
14 98 61
33 84 61
76 84 67
68 55 29
90 22 23
18 56 55
33 35 34
73 93 3
93 24 72
100 89 76
58 18 38
78 22 46
56 1 93
36 65 62
73 6 68
35 62 33
27 63 72
4 64 27
13 78 5
42 25 39
61 9 64
91 86 25
53 80 34
97 69 86
48 52 2
14 81 78
37 77 96
20 56 46
96 10 58
78 28 94
32 15 55
50 69 97
13 35 36
63 47 47
83 39 80
87 37 36
31 15 100
95 24 55
46 18 82
48 38 28
0 44 99
41 26 27
39 72 57
62 90 75
54 93 10
4 45 66
55 94 27
20 24 95
17 37 79
41 48 10
70 29 55
1 23 57
25 17 18
13 68 39
79 40 83
47 74 14
46 59 25
36 22 35
91 41 56
8 87 8
12 8 16
43 19 26
75 71 84
95 53 33
69 62 92
63 43 23
13 82 4
5 97 10
87 5 14
19 90 69
72 17 12
67 58 20
53 66 72
75 79 54
49 48 55
61 55 7
0 39 48
81 30 41
33 24 78
37 3 58
8 13 21
3 89 85
90 14 81
91 2 11
66 43 12
66 16 67
11 99 88
62 46 1
46 60 37
47 12 95
67 1 56
95 20 58
33 20 79
49 42 78
88 17 100
11 45 87
73 81 87
84 30 23
28 37 95
90 16 86
96 55 72
4 57 29
96 97 9
37 26 33
27 61 19
43 44 59
62 46 8
36 67 58
0 32 79
35 97 48
13 42 34
54 99 95
5 4 81
1 45 6
86 41 9
47 32 85
87 93 35
91 96 80
6 68 91
40 76 92
25 69 7
40 5 31
18 61 15
86 14 22
100 84 72
65 83 43
98 28 93
0 99 43
47 1 94
79 37 2
52 96 17
46 65 73
14 89 2
84 70 75
75 96 31
96 31 25
50 27 13
52 72 19
38 68 94
8 20 80
13 62 100
74 86 76
25 68 86
79 100 64
21 94 36
10 32 14
64 81 11
74 83 52
2 42 20
50 36 93
10 36 76
58 20 22
54 53 91
78 23 25
41 88 72
61 30 32
8 67 44
55 37 9
17 53 33
97 44 60
2 77 57
10 9 17
6 74 32
98 57 37
82 42 37
71 52 15
14 65 87
38 18 74
89 74 71
31 11 98
37 33 85
51 22 21
66 98 21
91 63 31
93 21 57
35 8 16
46 25 23
95 52 21
42 13 34
51 26 61
75 31 59
38 36 53
69 44 38
35 64 17
28 53 36
84 38 75
82 94 57
40 47 81
63 53 74
71 87 7
40 31 94
56 56 52
63 39 40
70 35 42
90 67 82
67 12 75
77 83 58
45 38 11
52 58 41
10 28 72
100 89 96
64 20 30
100 76 79
48 100 7
21 61 42
77 83 32
19 41 36
8 3 76
83 56 97
13 64 55
14 60 30
34 92 69
2 98 62
79 88 11
53 48 96
35 35 60
98 29 77
16 81 80
34 78 21
23 1 19
0 53 42
25 65 34
72 73 82
9 67 98
44 4 23
4 8 40
8 61 41
60 81 83
29 16 45
53 92 12
0 15 62
85 33 65
98 42 24
70 59 36
75 23 60
4 11 83
41 58 27
89 80 24
5 66 37
84 90 42
75 93 5
30 94 18
12 72 15
11 10 80
67 3 26
6 33 77
79 20 6
35 68 35
66 96 69
73 5 80
28 9 52
9 70 2
34 54 33
34 26 6
26 54 1
26 57 61
88 7 40
35 73 75
17 75 28
87 47 83
55 82 52
23 58 58
41 9 44
32 68 96
92 33 47
9 76 39
29 25 59
17 42 4
88 55 34
98 96 13
95 29 87
38 87 35
4 99 34
37 65 24
30 41 28
4 17 11
54 12 86
14 78 60
74 32 14
12 9 17
84 32 46
1 7 59
82 56 91
47 88 70
13 15 75
57 64 92
99 92 60
46 71 15
2 47 93
16 53 10
0 42 24
29 2 60
65 81 74
83 77 98
25 24 95
55 36 81
75 46 17
19 61 77
79 87 63
95 82 27
67 73 45
41 85 26
91 86 32
39 85 37
98 83 39
93 73 87
73 32 97
20 71 63
42 93 80
45 19 56
74 24 4
76 85 40
55 80 45
19 38 41
99 62 71
48 59 23
67 48 15
93 94 28
11 30 40
81 64 70
66 75 25
56 22 38
6 27 73
29 71 99
97 88 98
20 98 70
29 23 13
69 39 59
12 65 66
48 86 21
1 90 31
53 46 81
4 1 83
61 87 41
5 74 9
68 13 87
33 55 85
58 91 89
45 4 63
41 5 75
55 84 13
32 96 39
31 86 25
74 9 58
31 83 25
92 82 14
20 94 40
34 99 40
44 52 32
79 4 33
46 74 16
44 60 67
34 74 94
55 83 24
67 54 42
46 13 67
73 60 73
97 48 53
54 8 62
74 35 91
98 80 87
17 81 100
93 91 57
16 5 23
80 15 95
26 26 94
83 53 23
35 55 45
5 19 45
31 9 97
1 94 5
89 11 13
0 55 55
55 99 81
53 52 65
83 88 33
29 81 85
98 85 38
100 61 33
26 20 90
5 100 52
61 63 52
93 92 92
90 70 34
84 79 77
34 92 25
50 58 100
95 44 79
93 85 66
1 52 5
1 87 21
68 94 26
50 22 39
82 47 46
0 20 21
13 63 44
61 11 30
38 91 22
46 69 58
81 38 96
96 74 56
80 25 64
82 24 95
56 83 72
51 16 83
33 44 96
76 77 73
87 81 48
23 66 83
19 13 36
19 67 40
60 4 61
55 98 32
41 20 71
48 64 69
90 72 20
10 19 4
83 45 78
51 9 46
59 98 12
79 6 30
68 82 88
80 46 30
16 46 80
75 30 25
2 67 55
65 77 76
28 13 37
95 92 84
10 72 100
100 98 41
30 65 81
48 16 37
7 78 53
47 53 21
42 58 87
6 57 10
71 86 34
86 89 75
55 68 37
34 85 73
66 92 12
94 62 11
23 5 33
75 52 73
56 65 95
97 76 47
60 2 68
21 53 4
94 29 61
72 45 65
10 86 69
16 15 64
3 19 75
8 88 1
7 52 70
10 33 21
94 6 97
70 100 38
0 65 91
61 95 87
48 69 67
51 36 99
60 100 78
64 38 29
67 14 93
46 4 73
40 29 7
34 38 11
29 42 62
12 98 95
99 35 58
2 20 12
5 85 97
23 35 44
54 47 14
15 81 62
7 95 21
91 35 47
22 28 37
67 89 59
86 22 44
32 27 27
13 17 1
81 8 37
94 29 22
43 81 99
44 7 12
88 17 98
18 57 73
13 64 42
8 78 93
86 33 83
2 59 23
51 39 32
87 20 40
15 29 66
34 14 7
11 5 82
96 46 9
56 44 57
85 86 56
16 58 42
38 6 39
52 69 42
81 16 88
68 47 78
53 22 1
30 25 5
81 69 83
49 73 97
18 75 3
20 60 75
85 71 33
47 68 48
99 61 22
25 74 22
28 95 98
50 45 96
48 48 69
86 25 64
20 56 69
9 72 95
28 14 70
10 33 33
22 75 38
43 89 76
90 69 60
57 75 37
51 66 33
54 86 32
11 97 8
57 58 89
11 72 92
84 95 42
12 85 59
94 11 37
15 70 53
100 89 79
100 64 45
21 26 87
93 26 48
88 5 55
54 84 33
69 96 28
80 53 38
65 69 32
34 72 48
41 97 68
87 40 57
100 66 13
23 7 57
12 83 57
42 93 63
58 86 97
100 18 7
57 59 38
30 29 57
28 44 77
11 69 57
100 90 10
100 63 3
19 32 69
9 77 77
80 78 67
45 58 33
100 37 76
70 67 75
55 94 1
34 29 37
96 23 25
99 97 98
37 33 18
11 73 54
52 68 7
13 69 20
92 4 28
9 100 8
21 60 67
49 35 2
39 81 80
73 94 6
33 29 79
63 38 11
38 4 40
16 74 2
16 96 54
52 27 39
36 4 21
59 78 24
83 62 4
34 72 75
73 79 96
31 47 82
3 8 88
23 8 13
52 20 71
70 35 40
59 75 48
56 30 6
24 24 77
58 58 81
87 57 12
16 54 82
100 74 54
86 23 47
79 91 11
75 18 61
18 69 54
76 10 62
74 3 72
99 8 69
10 34 82
26 92 27
61 29 41
13 94 70
72 68 30
39 39 55
48 77 79
25 54 15
93 79 38
7 83 47
70 70 72
37 2 41
46 100 80
4 90 64
49 86 5
30 57 67
28 81 52
82 77 39
86 98 75
33 60 68
33 70 76
58 36 22
42 63 85
5 47 9
7 33 36
77 41 62
71 59 9
7 84 22
5 92 68
52 37 89
33 56 65
97 82 93
34 78 66
42 35 78
81 45 30
96 28 17
57 87 8
38 92 85
69 3 81
82 70 56
2 93 86
70 91 100
37 21 1
10 22 55
53 6 61
4 84 60
15 74 4
47 66 68
37 87 8
82 86 16
32 43 54
100 23 20
8 31 78
96 67 6
96 95 29
94 53 82
73 94 45
99 92 73
65 77 35
74 92 31
41 35 64
74 86 67
17 26 74
93 40 71
55 71 46
3 38 18
76 86 17
76 7 28
35 43 32
50 95 41
8 100 13
88 40 84
66 69 9
17 55 29
50 20 90
23 100 5
81 13 32
40 32 40
22 97 31
38 96 19
77 89 85
87 37 94
64 25 83
34 44 71
4 92 13
24 26 19
24 64 84
32 60 75
64 16 62
19 25 7
11 78 3
7 29 86
67 43 20
100 47 93
8 59 6
2 64 93
55 55 17
20 73 83
89 84 47
46 60 87
64 15 25
20 28 98
83 41 63
81 14 29
11 45 47
30 74 67
87 28 17
46 100 56
23 79 47
85 13 84
54 70 59
10 5 43
49 32 95
32 74 85
14 19 22
67 88 33
75 97 59
65 88 97
21 52 78
5 20 37
10 34 81
44 88 41
25 25 97
95 11 94
45 3 87
38 2 57
94 30 67
85 16 71
58 63 62
20 41 6
14 72 37
78 12 41
51 82 15
1 69 27
81 53 85
51 52 94
74 29 63
83 21 71
61 12 61
52 68 11
34 10 100
78 71 68
44 5 97
45 39 5
77 88 1
47 27 8
33 17 14
85 84 21
81 3 94
13 99 9
57 61 15
31 9 89
89 99 82
72 36 27
75 2 67
62 24 38
93 28 75
13 55 55
29 94 95
25 61 69
89 80 48
61 89 91
67 45 63
100 84 31
10 37 85
53 86 23
32 10 75
7 52 33
49 34 10
57 76 73
22 45 39
82 32 14
100 33 89
3 82 67
100 1 1
47 52 75
54 36 40
27 39 58
82 2 69
10 38 38
93 81 97
4 47 5
74 73 98
95 62 96
3 75 98
79 48 76
92 31 9
20 62 88
56 91 37
8 61 3
75 40 70
7 79 5
64 70 73
99 10 38
60 86 100
28 89 30
51 32 31
98 39 27
4 62 87
91 2 82
54 84 77
53 28 74
39 12 84
25 18 17
93 37 34
30 5 55
89 37 94
77 76 20
26 63 84
76 45 72
4 38 5
67 7 97
53 61 85
11 99 92
35 45 55
7 25 48
59 75 32
99 70 86
26 91 40