1000
31 86 25
1 45 6
75 97 39
18 66 28
83 21 71
44 71 96
49 73 97
77 75 53
20 62 88
53 90 67
21 63 84
9 72 95
45 70 62
44 95 98
66 20 11
48 86 21
97 24 78
93 62 100
21 94 36
91 25 16
86 92 88
28 46 55
83 15 78
6 23 99
34 68 35
100 27 67
68 6 13
79 4 33
68 94 26
43 30 26
36 87 6
94 29 61
94 29 22
64 15 25
95 33 26
87 5 14
86 23 47
79 74 13
54 31 99
17 8 18
89 11 13
79 94 60
57 58 89
78 100 69
39 43 22
50 78 61
15 19 12
5 74 9
31 8 81
71 8 8
15 100 82
48 55 54
18 56 55
95 22 15
77 18 99
3 40 45
30 9 85
11 32 65
99 77 4
47 27 41
91 74 34
84 30 23
16 86 48
38 96 19
19 23 85
13 69 20
64 82 82
91 61 19
11 69 57
65 83 43
95 92 84
10 9 17
13 42 34
38 13 25
1 55 20
85 74 65
7 13 7
59 89 41
13 82 4
17 24 45
35 99 22
71 86 34
42 91 58
97 10 17
18 69 54
66 19 66
33 56 65
20 56 46
13 45 52
3 66 73
38 27 52
61 6 25
51 76 26
35 16 42
12 55 55
64 16 62
83 62 4
54 36 40
14 12 58
5 4 81
0 65 91
57 75 18
45 24 7
51 34 61
79 37 2
25 23 43
95 23 15
83 53 23
56 84 29
47 88 70
34 92 69
76 58 19
94 53 82
67 43 16
22 97 31
45 39 23
66 30 100
2 72 59
5 42 25
93 6 84
25 65 34
23 89 93
70 29 55
38 20 36
66 75 25
44 33 42
74 77 38
0 20 25
85 33 65
28 89 30
36 60 91
100 61 33
74 24 4
2 77 57
97 61 94
49 86 5
48 59 23
29 42 62
69 74 98
58 85 42
16 96 54
5 66 37
100 89 96
30 57 67
71 59 9
85 71 33
29 25 59
17 52 13
86 15 32
99 92 60
42 62 90
90 47 68
8 78 93
93 92 92
29 21 89
58 12 24
6 90 7
26 54 1
16 35 59
82 56 91
22 15 99
84 95 42
27 39 58
41 85 37
92 38 94
73 43 35
10 37 85
5 36 8
88 40 84
21 89 97
82 2 69
85 86 56
41 31 52
100 18 7
95 44 79
98 42 24
48 16 37
79 6 30
12 65 66
62 46 8
46 38 10
81 88 84
96 28 17
42 67 86
44 65 58
75 33 74
8 3 76
56 83 72
22 14 70
93 37 34
36 93 63
73 60 73
7 55 85
9 76 39
73 32 97
100 63 3
6 27 73
61 29 41
53 52 65
75 53 41
10 28 72
17 69 21
17 37 79
84 40 70
60 87 90
23 60 91
11 78 3
30 5 55
10 87 38
10 22 55
21 26 87
63 42 23
44 62 13
28 13 37
96 23 25
4 78 15
40 47 81
43 81 99
46 26 68
4 25 17
98 39 27
16 81 80
50 69 97
54 83 44
51 66 33
6 68 91
67 60 99
41 32 82
97 37 34
100 31 47
82 77 39
24 24 77
82 87 30
19 77 72
91 10 23
19 41 36
98 57 37
38 87 35
9 67 78
89 84 47
0 55 55
88 76 98
34 44 71
92 67 54
13 64 42
73 44 1
67 48 15
1 13 64
36 32 85
88 45 37
61 30 32
77 75 10
91 63 85
77 65 16
36 65 62
8 44 91
10 33 33
75 18 61
52 33 14
58 36 22
97 48 53
1 54 73
92 4 28
37 29 63
42 93 63
30 61 23
23 24 41
72 40 83
10 22 75
71 81 41
34 72 48
5 19 45
39 68 89
68 82 88
45 24 72
90 72 20
67 54 42
6 56 93
8 7 32
21 66 14
97 76 47
80 74 70
45 61 96
19 32 19
30 17 52
48 39 20
8 67 44
60 83 20
44 88 41
31 9 89
91 54 60
72 15 93
0 92 67
87 63 16
19 67 40
35 9 73
90 37 82
98 96 13
28 58 46
23 36 86
47 52 75
56 80 4
32 27 27
60 81 83
52 72 19
16 20 13
51 22 21
65 19 26
96 23 79
1 28 70
77 61 9
37 33 18
82 55 91
34 5 87
72 82 11
100 45 18
53 76 77
4 42 74
36 98 27
26 26 94
95 11 94
84 24 17
79 26 26
25 47 39
57 76 73
71 76 48
73 93 3
35 73 75
48 69 67
39 62 100
74 86 67
11 30 40
56 22 38
10 72 100
55 68 37
99 41 62
64 96 55
81 58 33
25 2 9
32 10 75
99 95 91
52 71 59
8 61 41
50 20 90
34 67 6
44 52 32
90 16 86
67 88 33
63 47 47
7 84 22
7 56 41
7 21 17
49 22 17
69 18 21
76 10 62
58 91 89
60 57 42
16 93 89
68 45 5
31 10 68
9 78 90
52 37 89
30 60 84
82 65 54
82 42 37
25 17 18
87 21 91
6 10 20
94 30 5
6 33 77
82 47 30
82 35 76
79 91 11
19 61 77
29 35 24
5 47 9
28 37 95
84 98 55
95 52 21
6 90 18
76 87 22
2 64 93
98 55 70
5 100 52
90 76 61
28 12 87
49 48 55
90 98 72
16 48 34
16 12 2
49 47 74
2 86 38
17 31 57
61 95 87
52 27 3
44 60 67
89 21 73
56 87 92
23 7 57
56 48 75
35 81 8
54 13 86
72 45 65
75 30 25
97 14 17
48 48 69
41 87 80
4 86 31
15 14 85
55 83 24
69 26 21
80 70 89
15 40 98
33 17 14
47 12 95
28 1 34
86 82 81
32 77 66
60 98 27
69 11 77
0 39 48
100 6 31
23 58 58
90 48 65
40 5 31
82 94 57
54 28 31
5 92 68
74 98 45
74 76 22
37 3 58
84 38 75
34 29 37
28 96 15
24 1 68
1 23 57
42 13 34
13 21 19
14 60 30
34 78 21
45 4 63
1 97 39
51 39 32
13 17 1
3 53 40
6 57 10
92 80 87
57 28 81
78 31 43
33 70 76
43 9 84
89 86 90
98 69 74
23 35 44
8 90 85
47 92 81
88 58 41
52 79 95
46 13 25
84 90 1
34 64 3
33 18 17
7 25 48
23 3 100
63 53 74
88 7 40
44 5 97
25 93 2
76 78 55
14 81 78
84 98 25
18 75 8
12 9 17
41 98 74
13 47 81
4 62 87
24 57 9
93 62 88
80 53 38
13 55 55
61 88 67
29 16 45
31 3 8
27 86 68
56 56 52
59 78 24
30 94 18
4 64 60
83 83 38
1 7 59
86 54 55
41 85 26
83 27 46
18 13 17
52 71 98
2 36 39
6 45 79
73 35 23
85 85 71
7 83 47
50 96 59
100 47 93
66 25 14
44 68 69
61 71 58
27 6 1
80 80 99
94 62 11
46 13 17
99 99 99
19 90 69
6 74 32
87 15 84
79 29 41
41 88 72
28 16 5
73 5 80
54 53 91
2 21 41
80 2 41
72 17 12
34 14 7
61 38 36
59 30 95
13 9 38
39 72 57
67 73 45
98 87 25
12 83 57
91 83 54
74 92 31
95 20 58
56 44 57
37 59 59
97 83 99
99 60 89
83 12 56
80 46 30
27 69 53
75 40 70
32 67 10
8 13 21
37 24 17
42 35 78
78 12 41
11 73 54
16 15 64
67 68 52
3 8 88
16 79 40
33 61 4
100 37 76
5 77 17
38 18 100
50 66 61
83 41 63
18 22 25
29 11 42
31 11 98
42 65 78
81 13 32
47 66 45
54 73 68
26 2 42
100 66 13
15 12 1
18 89 10
72 69 8
23 66 83
43 24 79
29 81 85
7 13 96
25 85 66
17 26 74
53 6 61
31 40 41
79 46 84
81 38 43
31 90 6
95 21 59
28 88 81
43 54 4
69 39 59
54 70 59
54 8 62
65 89 98
24 98 37
17 75 28
66 22 24
7 33 36
68 31 60
30 65 81
84 71 12
0 33 60
94 24 53
12 25 45
37 33 85
78 3 72
7 52 70
89 8 11
100 6 94
57 10 21
34 26 6
52 96 17
65 42 19
96 2 72
30 83 16
76 77 73
0 68 90
39 39 55
86 22 44
81 40 43
11 99 92
86 75 33
46 60 37
100 66 7
12 24 3
22 42 25
65 18 82
95 11 94
19 8 1
75 96 31
73 100 14
66 69 9
14 84 31
9 70 2
67 43 20
91 2 82
89 48 41
65 77 35
38 10 22
67 89 59
94 54 91
58 58 81
23 21 97
11 99 88
13 46 10
31 80 31
83 89 31
34 54 33
33 58 9
4 1 83
75 37 68
42 58 87
63 75 34
19 57 99
7 79 5
22 2 57
67 1 56
100 91 18
36 54 38
55 80 45
59 75 48
57 71 100
99 91 5
2 42 20
98 31 67
96 46 59
47 32 85
62 57 13
23 76 96
9 3 8
56 1 93
84 58 8
78 12 26
5 21 40
54 69 77
15 73 20
68 76 65
41 58 27
65 91 93
55 98 32
28 81 52
75 55 81
47 8 15
74 35 78
91 96 80
19 7 99
55 2 71
34 59 57
4 47 5
60 100 78
57 48 78
37 77 96
36 86 34
49 18 95
43 48 99
77 83 58
75 52 73
41 35 64
82 19 81
56 82 23
93 8 68
84 26 67
13 15 91
56 6 32
81 38 96
6 74 68
15 90 92
96 67 6
93 73 82
75 31 59
84 32 46
58 18 38
53 28 74
91 2 12
80 33 25
96 74 56
87 12 14
75 12 4
8 64 34
87 40 57
67 3 26
48 62 3
92 33 47
56 57 34
62 90 75
16 58 27
90 77 46
82 97 70
30 86 56
43 99 74
93 21 57
87 28 17
79 40 83
10 5 43
17 55 29
22 61 99
4 90 64
10 32 14
19 32 69
89 74 71
58 90 100
20 28 98
86 98 75
81 64 71
70 44 46
87 81 48
77 28 9
51 26 61
70 87 37
69 44 38
19 15 33
57 41 42
98 85 38
20 11 46
5 20 37
93 94 28
96 33 27
7 78 53
59 19 85
66 16 67
72 84 72
42 4 54
81 64 70
29 90 66
87 20 40
91 88 3
56 92 59
73 94 45
11 10 80
0 54 4
48 100 7
19 87 86
82 28 71
31 32 20
76 23 47
84 53 47
100 64 45
57 98 14
20 94 40
96 95 29
100 33 89
43 82 22
84 93 54
75 9 23
60 34 72
97 18 34
11 45 87
52 23 15
82 32 14
64 38 29
25 55 35
2 48 25
23 8 13
43 86 20
46 100 80
58 86 97
57 61 15
91 35 47
71 52 15
63 4 15
6 12 13
63 18 95
46 54 18
4 11 83
43 72 63
18 95 60
50 45 96
38 91 22
77 97 48
77 41 62
66 17 16
100 84 31
75 63 74
20 2 14
9 67 98
19 77 96
26 92 27
21 17 22
29 72 80
92 31 9
67 58 20
81 8 37
65 69 32
88 17 98
83 45 78
63 5 13
1 90 31
16 88 96
60 81 24
40 67 34
99 26 64
28 14 70
33 6 28
66 89 30
97 40 88
50 95 41
100 84 72
100 26 16
86 89 75
61 34 14
14 58 26
25 60 20
4 95 82
9 10 84
8 88 1
90 78 19
93 24 72
68 23 60
81 30 41
27 23 13
8 87 8
32 38 20
8 20 80
61 53 3
16 10 4
4 99 54
93 54 6
8 31 78
1 87 21
84 48 1
3 83 27
14 65 87
88 5 55
1 81 66
57 59 38
60 5 38
45 54 78
41 62 75
54 47 14
20 46 63
91 48 60
34 66 96
51 9 46
41 54 55
5 95 26
75 2 67
33 29 79
95 85 81
22 20 89
21 28 21
32 71 93
0 99 43
55 94 47
7 62 58
26 7 46
94 41 86
36 12 28
71 75 75
3 75 98
47 25 9
50 82 26
100 89 79
46 25 23
53 89 74
52 90 42
100 89 76
72 68 30
35 55 45
100 31 11
18 61 15
99 97 98
28 95 98
59 82 94
87 57 12
78 28 94
32 96 39
2 94 46
84 79 64
82 79 96
0 20 21
100 1 1
0 2 42
35 87 31
16 74 2
97 7 12
24 60 67
79 20 6
31 11 66
55 48 15
96 100 18
27 61 19
74 13 7
96 10 58
98 6 75
54 99 95
52 20 71
47 1 94
3 96 47
57 27 68
54 28 35
4 45 66
20 60 5
65 70 12
73 6 68
47 74 14
26 63 84
13 28 46
1 94 5
75 68 11
87 37 36
12 39 71
51 16 83
0 27 62
66 98 21
75 97 59
23 7 3
67 83 21
99 13 4
72 96 80
12 85 59
64 25 83
95 29 87
35 62 33
41 48 10
78 92 39
63 97 5
100 55 38
99 10 38
82 47 46
20 41 6
16 39 79
18 28 91
19 54 59
26 91 40
60 4 61
24 81 77
31 37 19
5 34 58
28 62 38
22 34 52
73 7 6
20 46 23
59 60 85
64 76 28
49 35 2
63 43 23
16 81 32
53 86 23
19 80 12
80 22 42
71 28 4
53 70 66
49 37 81
12 33 57
38 31 43
70 72 24
49 32 95
85 9 98
55 82 52
23 79 47
14 19 22
93 73 87
32 47 87
80 66 44
73 4 82
84 79 48
12 72 15
73 41 26
27 5 38
11 83 30
54 93 10
39 81 80
91 77 4
56 35 42
23 17 75
15 81 30
45 94 28
25 43 87
